init(:,:,1,1) = [-1.000000000000000  -0.853553390593274  -0.353553390593274                   0
                   0   0.353553390593274   0.853553390593274   1.000000000000000
                   0                   0                   0                   0
   1.000000000000000   0.853553390593274   0.853553390593274   1.000000000000000];

init(:,:,2,1) = [  -2.500000000000000  -2.500000000000000  -0.750000000000000                   0
                   0   0.750000000000000   2.500000000000000   2.500000000000000
                   0                   0                   0                   0
   1.000000000000000   1.000000000000000   1.000000000000000   1.000000000000000];

init(:,:,3,1) = [-4    -4    -4     0
     0     4     4     4
     0     0     0     0
     1     1     1     1];

% 
% figure
% for j=1:3
%     for i=1:4
%         
%         point = [init(1,i,j,1),init(2,i,j,1)]
%         plot(point(1), point(2),'.b')
%         hold on
%     end
%     pause
% end

% init(:,:,1,2) = [   -1, -1,1-sqrt(2),0; 0,sqrt(2)-1 ,1,1; 7, 7, 7, 7; 1, (1+1/sqrt(2))/2, (1+1/sqrt(2))/2, 1];
% init(:,:,2,2) = [-2.5,-2.5, -0.75, 0; 0, 0.25, 2.5,2.5; 7, 7, 7, 7; 1, 1, 1, 1];
% init(:,:,3,2) = [-4, -4, -4, 0; 0, 4, 4, 4; 0, 0, 0, 0; 1, 1, 1, 1];

% 
% geo.coefs(:,:,1,1) = [-1.000000000000000  -0.707106781186547   0.500000000000000   1.414213562373095   2.000000000000000
%     -0.000000000000000  -0.000000000000000  -1.500000000000000  -2.121320343559643  -3.000000000000000
%     0.000000000000000   1.500000000000000   2.121320343559642   1.500000000000000   0.000000000000000
%     1.000000000000000   0.707106781186548   1.000000000000000   0.707106781186548   1.000000000000000];
% 
% geo.coefs(:,:,2,1) = [ -0.853553390000000  -0.603553390173765   0.603553389160984   1.457106778741476   2.060660168321968
%     0.353553388321968   0.249999998393944  -1.103553390839016  -1.810660170521297  -2.560660170000000
%     0.000000000000000   1.457106779160984   2.060660168915242   1.457106779160984   0.000000000000000
%     0.853553390000000   0.603553390173766   0.853553390000000   0.603553390173766   0.853553390000000];
% 
% geo.coefs(:,:,3,1) = [-0.353553388321969  -0.249999998393945   1.103553390839015   1.810660170521297   2.560660170000000
%     0.853553390000000   0.603553390173766  -0.603553389160984  -1.457106778741477  -2.060660168321969
%     0.000000000000000   1.457106779160984   2.060660168915242   1.457106779160984   0.000000000000000
%     0.853553390000000   0.603553390173766   0.853553390000000   0.603553390173766   0.853553390000000];
% 
% geo.coefs(:,:,4,1) = [ 0.000000000000000   0.000000000000000   1.500000000000000   2.121320343559642   3.000000000000000
%     1.000000000000000   0.707106781186547  -0.500000000000000  -1.414213562373095  -2.000000000000000
%     0.000000000000000   1.500000000000000   2.121320343559642   1.500000000000000   0.000000000000000
%     1.000000000000000   0.707106781186548   1.000000000000000   0.707106781186548   1.000000000000000];
% 
% 
% 
% geo.coefs(:,:,1,2) = [-1.000000000000000  -0.707106781186547   0.500000000000000   1.414213562373095   2.000000000000000
%     -0.000000000000000  -0.000000000000000  -1.500000000000000  -2.121320343559643  -3.000000000000000
%     7.000000000000000   8.500000000000000   9.121320343559642   8.500000000000000   7.000000000000000
%     1.000000000000000   0.707106781186548   1.000000000000000   0.707106781186548   1.000000000000000];
% 
% 
% geo.coefs(:,:,2,2) = [-0.853553390000000  -0.603553390173765   0.603553389160984   1.457106778741476   2.060660168321968
%     0.353553388321968   0.249999998393944  -1.103553390839016  -1.810660170521297  -2.560660170000000
%     7.000000000000000   8.457106779160984   9.060660168915242   8.457106779160984   7.000000000000000
%     0.853553390000000   0.603553390173766   0.853553390000000   0.603553390173766   0.853553390000000];
% 
% 
% 
% geo.coefs(:,:,3,2) = [-0.353553388321969  -0.249999998393945   1.103553390839015   1.810660170521297   2.560660170000000
%     0.853553390000000   0.603553390173766  -0.603553389160984  -1.457106778741477  -2.060660168321969
%     7.000000000000000   8.457106779160984   9.060660168915242   8.457106779160984   7.000000000000000
%     0.853553390000000   0.603553390173766   0.853553390000000   0.603553390173766   0.853553390000000];
% 
% 
% geo.coefs(:,:,4,2) = [ 0.000000000000000   0.000000000000000   1.500000000000000   2.121320343559642   3.000000000000000
%     1.000000000000000   0.707106781186547  -0.500000000000000  -1.414213562373095  -2.000000000000000
%     7.000000000000000   8.500000000000000   9.121320343559642   8.500000000000000   7.000000000000000
%     1.000000000000000   0.707106781186548   1.000000000000000   0.707106781186548   1.000000000000000];
% 
% 
% geo.coefs(:,:,1,3) = [-2.500000000000000  -1.767766952966369  -0.250000000000000   1.414213562373094   1.999999999999999
%     0  -0.000000000000000  -2.250000000000000  -3.181980515339464  -4.500000000000000
%     7.000000000000000   9.250000000000000   10.181980515339464   9.250000000000000   7.000000000000000
%     1.000000000000000   0.707106781186548   1.000000000000000   0.707106781186548   1.000000000000000];
% 
% geo.coefs(:,:,2,3) = [ -2.437868000000000  -1.723832994437686   0.257411594999999   2.087867963198776   2.952691189999999
%     0.952691190000000   0.673654400825681  -1.742588405000000  -3.138046556810781  -4.437868000000000
%     7.000000000000000   9.695279595000000   10.811700957636463   9.695279595000000   7.000000000000001
%     1.000000000000000   0.707106781186548   1.000000000000000   0.707106781186548   1.000000000000000];
% 
% geo.coefs(:,:,3,3) = [ -0.973401870000000  -0.688299063096666   1.721877714999999   3.123401880397660   4.417157300000000
%     2.417157300000000   1.709188318024566  -0.278122285000000  -2.102512625469762  -2.973401870000000
%     7.000000000000000   9.695279585000000   10.811700943494327   9.695279585000000   7.000000000000001
%     1.000000000000000   0.707106781186548   1.000000000000000   0.707106781186548   1.000000000000000];
% 
% geo.coefs(:,:,4,3) = [ 0.000000000000000   0.000000000000000   2.250000000000000   3.181980515339463   4.499999999999999
%     2.500000000000000   1.767766952966368   0.250000000000000  -1.414213562373095  -2.000000000000000
%     7.000000000000000   9.250000000000000   10.181980515339464   9.250000000000000   7.000000000000001
%     1.000000000000000   0.707106781186548   1.000000000000000   0.707106781186548   1.000000000000000];
% 
% 
% geo.coefs(:,:,1,4) = [ -4.000000000000000  -2.828427124746190  -1.000000000000001   1.414213562373094   1.999999999999999
%     0  -0.000000000000000  -3.000000000000000  -4.242640687119286  -6.000000000000000
%     7.000000000000000   10.000000000000000   11.242640687119285   10.000000000000000   7.000000000000001
%     1.000000000000000   0.707106781186548   1.000000000000000   0.707106781186548   1.000000000000000];
% 
% geo.coefs(:,:,2,4) = [-3.999999999999999  -2.828427124746190   0.999999999999999   4.242640687119284   5.999999999999999
%     4.000000000000000   2.828427124746189  -1.000000000000000  -4.242640687119286  -6.000000000000000
%     7.000000000000001   12.000000000000000   14.071067811865475   11.999999999999999   7.000000000000001
%     1.000000000000000   0.707106781186548   1.000000000000000   0.707106781186548   1.000000000000000];
% 
% geo.coefs(:,:,3,4) = [-3.999999999999999  -2.828427124746190   0.999999999999999   4.242640687119284   5.999999999999999
%     4.000000000000000   2.828427124746189  -1.000000000000000  -4.242640687119286  -6.000000000000000
%     7.000000000000001   12.000000000000000   14.071067811865475   11.999999999999999   7.000000000000001
%     1.000000000000000   0.707106781186548   1.000000000000000   0.707106781186548   1.000000000000000];
