%script fixConnRod.m
solid5 = solid4; 
solid5.coefs(:,1,1,1) = [25.344821956368133; -5.000000000000000; -25.344821956368136; 1];
solid5.coefs(:,1,2,1) = [35.599999999999994; -3.559666005107884; 0; 0.711933201021577];
solid5.coefs(:,1,3,1) = [25.344821956368133; -5.000000000000000; 25.344821956368136; 1];

solid5.coefs(:,1,1,2) = [25.344821956368133; 5.000000000000000; -25.344821956368136; 1];
solid5.coefs(:,1,2,2) = [35.599999999999994; 3.559666005107884; 0; 0.711933201021577];
solid5.coefs(:,1,3,2) = [25.344821956368133; 5.000000000000000; 25.344821956368136; 1];

solid5.coefs(:,3,1,1) = 1e2*[1.278961330097683; -0.050000000000000;  -0.125000000000000; 0.01];
solid5.coefs(:,3,2,1) = 1e2*[0.981438445715375; -0.041145152250527; 0; 0.008229030450105];
solid5.coefs(:,3,3,1) = 1e2*[1.278961330097683; -0.050000000000000; 0.125000000000000; 0.01];

solid5.coefs(:,3,1,2) = 1e2*[1.278961330097683; 0.050000000000000;  -0.125000000000000; 0.01];
solid5.coefs(:,3,2,2) = 1e2*[0.981438445715375; 0.041145152250527; 0; 0.008229030450105];
solid5.coefs(:,3,3,2) = 1e2*[1.278961330097683; 0.050000000000000; 0.125000000000000; 0.01];

